# Frequency (THz)	Intensity (normalized)
2.724394e+02 3.699721e-02
2.725724e+02 3.752908e-02
2.727055e+02 3.794195e-02
2.728387e+02 3.969378e-02
2.729721e+02 3.994182e-02
2.731056e+02 4.085791e-02
2.732393e+02 4.052434e-02
2.733731e+02 4.050668e-02
2.735070e+02 3.895792e-02
2.736411e+02 3.951986e-02
2.737754e+02 4.111885e-02
2.739098e+02 4.412434e-02
2.740443e+02 4.639417e-02
2.741790e+02 4.940304e-02
2.743138e+02 5.048330e-02
2.744488e+02 5.256537e-02
2.745839e+02 5.239009e-02
2.747191e+02 5.432808e-02
2.748545e+02 5.597200e-02
2.749901e+02 5.818511e-02
2.751258e+02 6.185618e-02
2.752616e+02 6.678562e-02
2.753976e+02 7.189309e-02
2.755338e+02 7.612417e-02
2.756700e+02 7.525570e-02
2.758065e+02 7.819975e-02
2.759431e+02 7.809357e-02
2.760798e+02 8.787342e-02
2.762167e+02 9.611822e-02
2.763537e+02 1.092761e-01
2.764909e+02 1.168738e-01
2.766282e+02 1.219139e-01
2.767657e+02 1.284176e-01
2.769033e+02 1.346008e-01
2.770411e+02 1.433063e-01
2.771790e+02 1.542482e-01
2.773170e+02 1.661229e-01
2.774553e+02 1.795612e-01
2.775936e+02 1.896442e-01
2.777322e+02 1.996642e-01
2.778708e+02 2.111615e-01
2.780097e+02 2.224936e-01
2.781486e+02 2.351982e-01
2.782878e+02 2.495824e-01
2.784271e+02 2.676346e-01
2.785665e+02 2.860103e-01
2.787061e+02 3.059292e-01
2.788458e+02 3.258006e-01
2.789857e+02 3.409073e-01
2.791258e+02 3.501171e-01
2.792660e+02 3.579447e-01
2.794063e+02 3.771839e-01
2.795468e+02 4.053248e-01
2.796875e+02 4.420463e-01
2.798283e+02 4.719817e-01
2.799693e+02 4.890130e-01
2.801104e+02 4.979073e-01
2.802517e+02 5.036641e-01
2.803931e+02 5.216343e-01
2.805347e+02 5.368308e-01
2.806765e+02 5.636475e-01
2.808184e+02 5.893250e-01
2.809604e+02 6.200591e-01
2.811027e+02 6.464650e-01
2.812450e+02 6.654033e-01
2.813876e+02 6.835201e-01
2.815303e+02 6.978863e-01
2.816731e+02 7.189290e-01
2.818161e+02 7.403280e-01
2.819593e+02 7.616824e-01
2.821026e+02 7.841215e-01
2.822461e+02 7.979700e-01
2.823898e+02 8.136101e-01
2.825336e+02 8.180064e-01
2.826775e+02 8.294150e-01
2.828216e+02 8.428339e-01
2.829659e+02 8.682764e-01
2.831104e+02 8.904454e-01
2.832550e+02 9.107782e-01
2.833997e+02 9.189228e-01
2.835447e+02 9.279080e-01
2.836898e+02 9.337820e-01
2.838350e+02 9.412001e-01
2.839804e+02 9.483975e-01
2.841260e+02 9.631749e-01
2.842717e+02 9.815280e-01
2.844176e+02 9.923900e-01
2.845637e+02 1.000000e+00
2.847099e+02 9.926317e-01
2.848563e+02 9.916117e-01
2.850029e+02 9.806611e-01
2.851496e+02 9.834804e-01
2.852965e+02 9.861642e-01
2.854435e+02 9.929436e-01
2.855907e+02 9.901532e-01
2.857381e+02 9.910919e-01
2.858857e+02 9.874140e-01
2.860334e+02 9.871781e-01
2.861812e+02 9.787109e-01
2.863293e+02 9.770507e-01
2.864775e+02 9.684078e-01
2.866259e+02 9.624160e-01
2.867744e+02 9.459398e-01
2.869231e+02 9.403332e-01
2.870720e+02 9.200340e-01
2.872211e+02 9.019609e-01
2.873703e+02 8.831672e-01
2.875197e+02 8.816465e-01
2.876692e+02 8.654594e-01
2.878189e+02 8.568789e-01
2.879688e+02 8.389574e-01
2.881189e+02 8.353507e-01
2.882691e+02 8.192203e-01
2.884195e+02 7.961985e-01
2.885701e+02 7.827194e-01
2.887208e+02 7.703452e-01
2.888718e+02 7.615089e-01
2.890229e+02 7.394512e-01
2.891741e+02 7.174646e-01
2.893255e+02 6.880923e-01
2.894771e+02 6.674192e-01
2.896289e+02 6.502376e-01
2.897809e+02 6.421228e-01
2.899330e+02 6.298842e-01
2.900853e+02 6.104416e-01
2.902378e+02 5.973230e-01
2.903904e+02 5.794739e-01
2.905432e+02 5.624987e-01
2.906962e+02 5.484765e-01
2.908494e+02 5.340617e-01
2.910027e+02 5.238698e-01
2.911562e+02 5.061478e-01
2.913099e+02 4.845684e-01
2.914638e+02 4.646400e-01
2.916179e+02 4.448623e-01
2.917721e+02 4.300243e-01
2.919265e+02 4.120017e-01
2.920811e+02 4.006135e-01
2.922358e+02 3.897749e-01
2.923907e+02 3.778368e-01
2.925459e+02 3.590398e-01
2.927012e+02 3.422330e-01
2.928566e+02 3.227584e-01
2.930123e+02 3.049905e-01
2.931681e+02 2.876296e-01
2.933241e+02 2.717445e-01
2.934803e+02 2.588640e-01
2.936367e+02 2.420953e-01
2.937932e+02 2.250507e-01
2.939499e+02 2.092027e-01
2.941069e+02 1.970247e-01
2.942640e+02 1.894858e-01
2.944212e+02 1.750845e-01
2.945787e+02 1.653489e-01
2.947363e+02 1.523156e-01
2.948941e+02 1.429900e-01
2.950522e+02 1.329162e-01
2.952103e+02 1.254607e-01
2.953687e+02 1.178137e-01
2.955273e+02 1.107287e-01
2.956860e+02 1.047368e-01
2.958449e+02 1.016189e-01
2.960041e+02 9.751939e-02
2.961634e+02 9.511535e-02
2.963228e+02 9.392706e-02
2.964825e+02 8.985468e-02
2.966424e+02 8.340575e-02
2.968024e+02 7.160197e-02
2.969626e+02 6.035792e-02
2.971231e+02 4.767926e-02
2.972837e+02 3.632384e-02
2.974445e+02 2.843056e-02
2.976054e+02 2.228055e-02
2.977666e+02 1.943189e-02
2.979280e+02 1.511996e-02
2.980895e+02 1.220497e-02
2.982513e+02 8.267466e-03
2.984132e+02 5.163099e-03
2.985753e+02 4.260004e-03
2.987376e+02 3.807118e-03
2.989001e+02 3.809114e-03
2.990628e+02 2.175144e-03
2.992257e+02 1.181256e-03
2.993888e+02 0.000000e+00
2.995520e+02 3.725373e-04
