,PickedData1
1061.0469667319,-0.00283286118980164
1061.1252446184,-0.00283286118980164
1061.20352250489,-0.00283286118980164
1061.28180039139,-0.00283286118980164
1061.36007827789,-0.00283286118980164
1061.43835616438,-0.00283286118980164
1061.50880626223,-0.00283286118980164
1061.57142857143,-0.00283286118980164
1061.63405088063,-0.00282824305487196
1061.68884540117,-0.00282197211375621
1061.72015655577,-0.00292237198752855
1061.77495107632,-0.00315528802780995
1061.81409001957,-0.00346408731678039
1061.83757338552,-0.00375276125984368
1061.87671232877,-0.00404143520291002
1061.90802348337,-0.00433010914597331
1061.93933463796,-0.00461878308903965
1061.96281800391,-0.00490745703210294
1061.99412915851,-0.00523307605460675
1062.00195694716,-0.00547294360325811
1062.02544031311,-0.00525534032616227
1062.04892367906,-0.00453845994922507
1062.07240704501,-0.00361040927612845
1062.08023483366,-0.00274438744693863
1062.10371819961,-0.00187836561773964
1062.10371819961,-0.00101234378854982
1062.11937377691,-1.46321959350835E-4
1062.14285714286,7.19699869838983E-4
1062.15068493151,0.00163421211579964
1062.16634050881,0.00239287446086346
1062.16634050881,0.00272431071298185
1062.18982387476,0.00264581862315571
1062.18982387476,0.00246336988546602
1062.20547945205,0.0023190329139344
1062.2133072407,0.00217469594240125
1062.22113502935,0.00203035897086963
1062.22113502935,0.00188602199933648
1062.2446183953,0.00174168502780486
1062.25244618395,0.00158811178641234
1062.25244618395,0.00146834815390094
1062.2602739726,0.00141346526615626
1062.26810176125,0.00141329512434341
1062.2759295499,0.00141643059490093
1062.28375733855,0.00141643059490093
1062.2915851272,0.00141643059490093
1062.29941291585,0.00141643059490093
1062.3228962818,0.00141643059490093
1062.3228962818,0.00141643059490093
1062.33072407045,0.00137794613715246
1062.3385518591,0.00149064483342344
1062.3542074364,0.0018324408314989
1062.36203522505,0.00234378449676249
1062.385518591,0.00282766241217607
1062.39334637965,0.00330878565061915
1062.4011741683,0.00378990888905714
1062.4011741683,0.00427103212750022
1062.4011741683,0.00475006910322873
1062.4324853229,0.00521891782514814
1062.4324853229,0.00577372192102384
1062.44031311155,0.00644189312744056
1062.4481409002,0.00718211128975141
1062.4481409002,0.00790379614741725
1062.4637964775,0.00862548100507544
1062.47162426614,0.00934716586274127
1062.47945205479,0.0100804720138903
1062.48727984344,0.0108020657241562
1062.49510763209,0.0113187145056778
1062.50293542074,0.0115918326258263
1062.51076320939,0.011737481107167
1062.51076320939,0.0119179023215834
1062.52641878669,0.012098323535998
1062.54207436399,0.0122787447504145
1062.54990215264,0.0124370844221083
1062.55772994129,0.0126506008234035
1062.56555772994,0.0131218437319127
1062.57338551859,0.0138692596452538
1062.58121330724,0.014727191781007
1062.58121330724,0.0155519744754839
1062.60469667319,0.0163767571699521
1062.62035225049,0.0171406013170487
1062.63600782779,0.0180942577543068
1062.64383561644,0.0196090002241362
1062.67514677104,0.021673167646451
1062.69080234834,0.0239723738307329
1062.72211350294,0.0259491439175742
1062.72211350294,0.0272620137047534
1062.73776908024,0.0279574249626804
1062.74559686888,0.0285236673338625
1062.76125244618,0.0291422543547111
1062.76125244618,0.0297608413755663
1062.76908023483,0.0303274136135223
1062.77690802348,0.0310833641064221
1062.78473581213,0.0322087885422365
1062.79256360078,0.0336481304105579
1062.80821917808,0.0351101810025134
1062.80821917808,0.036416789107995
1062.81604696673,0.0382422487238459
1062.82387475538,0.0409554705116701
1062.83170254403,0.0445215078831765
1062.83170254403,0.0474985305013496
1062.83953033268,0.0495442022354217
1062.83953033268,0.0508984500485867
1062.84735812133,0.0523228611047377
1062.85518590998,0.0536754480097277
1062.85518590998,0.0553891609132593
1062.85518590998,0.0576253307131624
1062.86301369863,0.0602359947969254
1062.86301369863,0.0627638970415274
1062.87084148728,0.0652897940433578
1062.87084148728,0.0678156910451614
1062.87866927593,0.0703165731494563
1062.87866927593,0.0727466438514644
1062.88649706458,0.0760019496091479
1062.90215264188,0.0803445223180709
1062.90215264188,0.0853539699148608
1062.90215264188,0.0897485911649731
1062.90998043053,0.0935905553469025
1062.90998043053,0.0968751025407768
1062.92563600783,0.10074299309424
1062.93346379648,0.108404337157847
1062.93346379648,0.11724421710258
1062.93346379648,0.124304055843219
1062.94129158513,0.128518981682315
1062.94129158513,0.133330214066699
1062.94911937378,0.138141446451156
1062.95694716243,0.142952678835568
1062.95694716243,0.147763911220009
1062.96477495108,0.152208123407328
1062.97260273973,0.157949464370586
1062.97260273973,0.16678617103541
1062.97260273973,0.176732580415288
1062.98043052838,0.184954987362857
1062.98825831703,0.192173658887471
1062.99608610568,0.201516267380123
1062.99608610568,0.211423584652912
1063.00391389433,0.219223979138879
1063.01174168297,0.223169311224106
1063.01174168297,0.23230872853139
1063.01956947162,0.246690843007886
1063.01956947162,0.257458996835596
1063.02739726027,0.261156340476488
1063.03522504892,0.26724599954051
1063.04305283757,0.278566169028732
1063.05088062622,0.291914874540054
1063.05088062622,0.309728992448754
1063.05870841487,0.318633890871958
1063.06653620352,0.327287627570849
1063.07436399217,0.340336694444366
1063.07436399217,0.360766337631359
1063.08219178082,0.374215912931711
1063.09001956947,0.381170121963292
1063.12133072407,0.39238996179511
1063.12915851272,0.408454184658189
1063.15264187867,0.428431061575578
1063.16046966732,0.442468571363761
1063.16829745597,0.45676980096245
1063.17612524462,0.471813578045871
1063.18395303327,0.484425542499231
1063.18395303327,0.493494101142833
1063.19178082192,0.499135922648661
1063.19178082192,0.51086902361686
1063.19178082192,0.527369538700984
1063.19960861057,0.542486233704312
1063.20743639922,0.550563513736264
1063.20743639922,0.559854066936175
1063.20743639922,0.569613320321555
1063.21526418787,0.576839958804065
1063.22309197652,0.580485314668503
1063.22309197652,0.588858638079519
1063.23091976517,0.60677892582984
1063.23091976517,0.626332220524728
1063.23091976517,0.639876319054718
1063.23874755382,0.64725703040138
1063.23874755382,0.656509909342709
1063.23874755382,0.670956822868885
1063.24657534247,0.690336886866547
1063.24657534247,0.708048497708387
1063.25440313112,0.720550882732097
1063.25440313112,0.732355281222012
1063.26223091977,0.746328987830357
1063.26223091977,0.760955005997379
1063.26223091977,0.77509703147092
1063.27005870842,0.790533653847944
1063.27005870842,0.807584496677846
1063.27788649706,0.823348135670867
1063.27788649706,0.835121341495159
1063.28571428571,0.843271741996799
1063.28571428571,0.851542862166036
1063.28571428571,0.862449256216827
1063.30136986301,0.87642478577311
1063.30919765166,0.890732091865204
1063.30919765166,0.906943770966518
1063.31702544031,0.923455021188825
1063.31702544031,0.936506518659523
1063.32485322896,0.944400896242302
1063.32485322896,0.951194820883179
1063.33268101761,0.95850463980775
1063.34050880626,0.965473324396797
1063.34050880626,0.971304246375059
1063.34833659491,0.979134435933284
1063.34833659491,0.987497858036127
1063.35616438356,0.993789216168837
1063.35616438356,0.996239582358593
1063.35616438356,0.999056604155779
1063.37181996086,1.0002530251822
1063.37181996086,0.998630095088993
1063.37964774951,0.994578147552607
1063.37964774951,0.990399869719959
1063.38747553816,0.986027832769997
1063.39530332681,0.982246187911897
1063.41878669276,0.976268741424474
1063.43444227006,0.967387156480576
1063.45009784736,0.954787993173205
1063.45009784736,0.942336812733491
1063.45009784736,0.930883838107712
1063.45792563601,0.916752952872004
1063.46575342466,0.899789206446432
1063.46575342466,0.882865362327152
1063.47358121331,0.868875856836215
1063.47358121331,0.855839145499298
1063.47358121331,0.844339381874877
1063.48140900196,0.830008580008672
1063.48140900196,0.813212544798957
1063.48923679061,0.794190386258479
1063.48923679061,0.770939697285392
1063.49706457926,0.740709953174658
1063.49706457926,0.713888716721589
1063.50489236791,0.68930322471415
1063.50489236791,0.660923165172595
1063.51272015656,0.628155877447853
1063.51272015656,0.601361377565429
1063.51272015656,0.583161672397018
1063.53620352251,0.565974716116502
1063.53620352251,0.543564406170762
1063.54403131115,0.522564450326436
1063.54403131115,0.506891351084107
1063.5518590998,0.487180827124356
1063.5518590998,0.457705783484865
1063.5518590998,0.428773775799118
1063.5518590998,0.406012447088742
1063.55968688845,0.384161377079147
1063.5675146771,0.357892898969182
1063.5675146771,0.33163475089809
1063.57534246575,0.309554191990264
1063.57534246575,0.290368271954612
1063.5831702544,0.269923910150395
1063.5831702544,0.246533056731295
1063.59099804305,0.221301836032586
1063.59099804305,0.198085175422227
1063.59099804305,0.180980454351465
1063.5988258317,0.165400730556515
1063.5988258317,0.146128726865192
1063.5988258317,0.126816415768216
1063.5988258317,0.104804116135469
1063.60665362035,0.0889481144438177
1063.60665362035,0.0710409519190518
1063.60665362035,0.0579536031377082
1063.62230919765,0.0466480239851073
1063.62230919765,0.0452290412630627
1063.6301369863,0.0432999976909424
1063.6301369863,0.0404319738597373
1063.63796477495,0.0413775369866374
1063.63796477495,0.0477054621058537
1063.6457925636,0.0592886019703699
1063.6457925636,0.058136161252254
1063.6457925636,0.0675887542742887
1063.66927592955,0.0874223069690377
1063.68493150685,0.1042355589098
1063.70058708415,0.118214329262461
1063.70058708415,0.147293185536775
1063.7084148728,0.18546429877867
1063.7084148728,0.212652150329168
1063.71624266145,0.238636046001374
1063.71624266145,0.266789654891573
1063.7240704501,0.302375422771874
1063.73189823875,0.342540233475003
1063.73189823875,0.377731231838705
1063.7397260274,0.409962977951565
1063.7397260274,0.445356526092846
1063.7397260274,0.483436289385152
1063.74755381605,0.513386987418881
1063.74755381605,0.541366673566899
1063.7553816047,0.565592707235939
1063.76320939335,0.57990325412448
1063.76320939335,0.593952916899052
1063.76320939335,0.619308908260468
1063.76320939335,0.649563160894389
1063.771037182,0.671515100693373
1063.771037182,0.697681392440443
1063.771037182,0.727833154886789
1063.77886497065,0.753683165156312
1063.77886497065,0.777104198492118
1063.77886497065,0.798486973415969
1063.77886497065,0.818672476604118
1063.7866927593,0.834389022774101
1063.7866927593,0.84703690605464
1063.79452054795,0.854602511590234
1063.79452054795,0.857417615916197
1063.8023483366,0.857984046369327
1063.81800391389,0.853116289093681
1063.82583170254,0.84421049945128
1063.82583170254,0.827741096013283
1063.82583170254,0.806675736845906
1063.83365949119,0.779833151646673
1063.83365949119,0.748240348807201
1063.83365949119,0.713598665440532
1063.84148727984,0.682943769346203
1063.84148727984,0.6489757665401
1063.85714285714,0.617403590019699
1063.86497064579,0.594068640339148
1063.87279843444,0.580835343189806
1063.88845401174,0.566924314485196
1063.88845401174,0.549633270124417
1063.88845401174,0.520615853949731
1063.89628180039,0.481052075953402
1063.89628180039,0.446193259225112
1063.89628180039,0.419401595039206
1063.90410958904,0.394159436652993
1063.90410958904,0.363580901824875
1063.91193737769,0.324775706504641
1063.91193737769,0.275418984343126
1063.91976516634,0.233853541927784
1063.91976516634,0.209015470346911
1063.92759295499,0.190057621361158
1063.93542074364,0.163185544914044
1063.94324853229,0.130555889763142
1063.94324853229,0.105217047615693
1063.95107632094,0.0897620404704658
1063.95107632094,0.0819738664876725
1063.95890410959,0.0773991312235249
1063.95890410959,0.0794869333112369
1063.95890410959,0.0887312241418528
1063.95890410959,0.100929014809842
1063.95890410959,0.117139600142299
1063.95890410959,0.13973645843324
1063.96673189824,0.168040764357957
1063.96673189824,0.196745308643199
1063.96673189824,0.221677430837006
1063.97455968689,0.252962661838754
1063.98238747554,0.28575560586879
1063.99021526419,0.321647021363252
1063.99021526419,0.360804957121885
1063.99804305284,0.406003939997672
1063.99804305284,0.449836116974646
1063.99804305284,0.486682959770388
1063.99804305284,0.513268023182932
1063.99804305284,0.525566035480845
1064.01369863014,0.535015590256388
1064.01369863014,0.55745932091506
1064.02152641879,0.593357488069082
1064.02935420744,0.626300994100452
1064.03718199609,0.64627213210788
1064.05283757339,0.661237968036717
1064.06066536204,0.673813959649529
1064.06849315069,0.676045329019794
1064.06849315069,0.666413425431396
1064.06849315069,0.646716215743895
1064.06849315069,0.616678596848844
1064.07632093933,0.580536559762742
1064.07632093933,0.54862409961576
1064.07632093933,0.510600240062657
1064.08414872798,0.483937600085408
1064.08414872798,0.468335190715413
1064.08414872798,0.46745025073634
1064.08414872798,0.431210044525458
1064.09197651663,0.368240019327069
1064.09197651663,0.329532081657226
1064.09980430528,0.313953816219382
1064.09980430528,0.292444994569913
1064.09980430528,0.235829009909162
1064.10763209393,0.197740942075846
1064.10763209393,0.171827371685698
1064.10763209393,0.15306802148186
1064.10763209393,0.128784531192668
1064.11545988258,0.11310821140855
1064.11545988258,0.113740409774331
1064.11545988258,0.120074343869822
1064.11545988258,0.139979315616229
1064.11545988258,0.160262042697354
1064.11545988258,0.191709921170872
1064.12328767123,0.233767762095665
1064.12328767123,0.291325927303237
1064.13894324853,0.333251300673402
1064.13894324853,0.376393188007638
1064.13894324853,0.4286062671329
1064.13894324853,0.476411255447711
1064.13894324853,0.518727414855955
1064.13894324853,0.56328667801766
1064.14677103718,0.612112247145465
1064.14677103718,0.661355689967307
1064.14677103718,0.717217318491894
1064.15459882583,0.772434480885598
1064.15459882583,0.812958358331381
1064.15459882583,0.842832992172019
1064.15459882583,0.85757983578262
1064.16242661448,0.863912464557672
1064.16242661448,0.868830127847936
1064.16242661448,0.857553236496012
1064.17025440313,0.827308490198502
1064.17025440313,0.789773828868043
1064.17025440313,0.743176131750593
1064.17025440313,0.685512640659455
1064.17025440313,0.642790301430539
1064.18590998043,0.623645161417079
1064.18590998043,0.588090032566309
1064.20939334638,0.533752489843685
1064.20939334638,0.477908368371197
1064.20939334638,0.419050373725308
1064.21722113503,0.374415795804499
1064.22504892368,0.354590912240224
1064.23287671233,0.343738619234402
1064.23287671233,0.325119068886699
1064.23287671233,0.334794608448883
1064.23287671233,0.379306380438865
1064.23287671233,0.449459232603066
1064.23287671233,0.50655028137076
1064.24070450098,0.57684598224853
1064.24070450098,0.640800524753692
1064.24070450098,0.736197983263546
1064.24853228963,0.826434750256697
1064.24853228963,0.899280552834269
1064.25636007828,0.9341449637952
1064.25636007828,0.944142640775278
1064.25636007828,0.933570195043897
1064.26418786693,0.896197132426275
1064.26418786693,0.903715937711314
1064.26418786693,0.895866053563448
1064.26418786693,0.825923940939315
1064.27201565558,0.714157297726641
1064.27201565558,0.655182215805409
1064.27984344423,0.615689816351019
1064.27984344423,0.549736266686414
1064.27984344423,0.467158376507147
1064.28767123288,0.393841246143119
1064.28767123288,0.339318664070993
1064.28767123288,0.302829299930603
1064.28767123288,0.281556817701011
1064.28767123288,0.270356479072506
1064.29549902153,0.268482611506706
1064.29549902153,0.271508457060865
1064.29549902153,0.273158022449795
1064.29549902153,0.274807587838742
1064.30332681018,0.277004454301074
1064.30332681018,0.277363297274247
1064.31115459883,0.27278886679939
1064.32681017613,0.265743917396432
1064.32681017613,0.260378076714275
1064.33463796478,0.256719649637533
1064.33463796478,0.250821643173021
1064.33463796478,0.246092632494971
1064.33463796478,0.246404478132468
1064.33463796478,0.256713613654026
1064.34246575342,0.276797477363864
1064.34246575342,0.298706679159761
1064.35029354207,0.310826771733067
1064.35029354207,0.325727589183666
1064.35029354207,0.350951518090041
1064.35029354207,0.411300211583168
1064.35812133072,0.476227137700043
1064.35812133072,0.515542090046457
1064.35812133072,0.505637973060175
1064.35812133072,0.517610690415301
1064.35812133072,0.553482256031828
1064.35812133072,0.59650265400963
1064.36594911937,0.612284441462902
1064.36594911937,0.615449484288065
1064.36594911937,0.60482113031704
1064.36594911937,0.58767431940243
1064.36594911937,0.562111727267971
1064.36594911937,0.526929357524622
1064.37377690802,0.490830774117488
1064.37377690802,0.463747843351521
1064.37377690802,0.444602028171796
1064.37377690802,0.4289709242494
1064.37377690802,0.407523063331167
1064.37377690802,0.363310092772717
1064.37377690802,0.331943639309675
1064.38160469667,0.317285162540079
1064.38160469667,0.310797685585411
1064.38160469667,0.297447406937489
1064.38160469667,0.305994460668503
1064.38943248532,0.348247822893591
1064.38943248532,0.390763740267995
1064.38943248532,0.417067411401565
1064.38943248532,0.435144016943051
1064.38943248532,0.477517126596514
1064.38943248532,0.537538904748557
1064.39726027397,0.591280660803447
1064.39726027397,0.639361187708577
1064.39726027397,0.681468396765491
1064.40508806262,0.731648078673315
1064.40508806262,0.775151314811121
1064.40508806262,0.804111780740714
1064.40508806262,0.818101772350962
1064.40508806262,0.83243073101416
1064.41291585127,0.83686908276151
1064.41291585127,0.821933413246172
1064.43639921722,0.791608416726826
1064.43639921722,0.754543697886687
1064.43639921722,0.716510034924023
1064.43639921722,0.678509043240064
1064.43639921722,0.640449737475648
1064.43639921722,0.602478338314201
1064.44422700587,0.553385876096697
1064.44422700587,0.505165201624668
1064.45205479452,0.467382700386337
1064.45205479452,0.432555110081315
1064.45205479452,0.37742133067984
1064.45205479452,0.315332937146413
1064.45205479452,0.272001058120583
1064.45205479452,0.237130898604071
1064.45988258317,0.206274668031294
1064.45988258317,0.171794821936548
1064.45988258317,0.142545601044398
1064.45988258317,0.120956772231688
1064.45988258317,0.115407110874638
1064.45988258317,0.11651056155302
1064.46771037182,0.116172424954301
1064.46771037182,0.119300927799479
1064.46771037182,0.12784615858249
1064.46771037182,0.144313759327714
1064.46771037182,0.165333470526827
1064.47553816047,0.188915746989282
1064.47553816047,0.217141801183262
1064.47553816047,0.246280274608937
1064.47553816047,0.272097876913752
1064.47553816047,0.295162422641168
1064.48336594912,0.320207500094182
1064.48336594912,0.344274059571492
1064.48336594912,0.365440308783069
1064.49119373777,0.387846770283009
1064.49119373777,0.405104011336328
1064.49119373777,0.415456330470485
1064.49119373777,0.421104228469656
1064.49119373777,0.430563303084466
1064.49902152642,0.448843380004793
1064.49902152642,0.470413635002806
1064.49902152642,0.48639631132551
1064.49902152642,0.495018018153018
1064.50684931507,0.502707874473651
1064.50684931507,0.506114977786355
1064.50684931507,0.503824990510596
1064.50684931507,0.497832150240161
1064.51467710372,0.491669127646527
1064.51467710372,0.485301205697905
1064.51467710372,0.478582244729606
1064.51467710372,0.468410802546869
1064.53033268102,0.45350403013289
1064.58512720157,0.43469055862829
1064.59295499022,0.415773422147434
1064.61643835616,0.401394210884455
1064.63209393346,0.393154992305131
1064.64774951076,0.384688816700268
1064.64774951076,0.371568452305136
1064.65557729941,0.359565352483393
1064.65557729941,0.348303989947077
1064.66340508806,0.329804308558067
1064.67906066536,0.303187647380472
1064.68688845401,0.277078981045288
1064.68688845401,0.256428018467791
1064.68688845401,0.238528694619621
1064.68688845401,0.218176492964158
1064.68688845401,0.193413162251981
1064.69471624266,0.169953441908267
1064.69471624266,0.153558657808204
1064.69471624266,0.134493052340178
1064.70254403131,0.11212656066307
1064.71037181996,0.0916929778828008
1064.71037181996,0.0805200013179793
1064.71819960861,0.0727445575887657
1064.71819960861,0.0667243730982982
1064.71819960861,0.0598974733534951
1064.71819960861,0.0560275573023295
1064.72602739726,0.0572899386639158
1064.72602739726,0.0594579707186216
1064.73385518591,0.0699511125856709
1064.73385518591,0.0790420732347077
1064.74168297456,0.0962116507442276
1064.74951076321,0.112759346423182
1064.75733855186,0.133722249161334
1064.76516634051,0.15167620743635
1064.77299412916,0.172291892594041
1064.78082191781,0.193343363598308
1064.78082191781,0.212561556565297
1064.78082191781,0.235008041901313
1064.78864970646,0.256242847460943
1064.78864970646,0.272510835400345
1064.79647749511,0.291129751091955
1064.79647749511,0.308248961223458
1064.79647749511,0.329182075640962
1064.80430528376,0.345785789836762
1064.81213307241,0.363628602297079
1064.82778864971,0.381751095490394
1064.82778864971,0.409401692262867
1064.82778864971,0.428625205537465
1064.83561643836,0.444062212759087
1064.83561643836,0.460485090513332
1064.83561643836,0.481601471969739
1064.83561643836,0.490787631014353
1064.84344422701,0.50634831513014
1064.84344422701,0.52604172363369
1064.85127201566,0.544487081172418
1064.86692759296,0.557689660522358
1064.88258317025,0.571059728283357
1064.88258317025,0.579848869508936
1064.88258317025,0.584709780602071
1064.88258317025,0.590786922089985
1064.8904109589,0.593606104418162
1064.8904109589,0.592296674119174
1064.89823874755,0.588552838552873
1064.89823874755,0.582601055122313
1064.89823874755,0.575820255706945
1064.9060665362,0.574030829696493
1064.9060665362,0.571057520491105
1064.9060665362,0.561219657537112
1064.9060665362,0.541972891548287
1064.9217221135,0.523945718280195
1064.9217221135,0.513253034499686
1064.9217221135,0.50456065130286
1064.9217221135,0.485432822543278
1064.9217221135,0.472591182846083
1064.92954990215,0.463664797942311
1064.92954990215,0.449422874918559
1064.92954990215,0.420689379518374
1064.92954990215,0.40261872556488
1064.9373776908,0.389440253689498
1064.9373776908,0.369829886543748
1064.9373776908,0.349810352643194
1064.94520547945,0.33505909794862
1064.94520547945,0.331344699616653
1064.94520547945,0.319675199278599
1064.94520547945,0.295317089651365
1064.9530332681,0.272547456400158
1064.9530332681,0.25665527931818
1064.96086105675,0.244254047653502
1064.96086105675,0.225117873843098
1064.96086105675,0.207376295761582
1064.96086105675,0.191199536242022
1064.9686888454,0.174060476232398
1064.9686888454,0.150342734478784
1064.9686888454,0.13022046733102
1064.99217221135,0.121039858150357
1065,0.10700348264086
1065.00782778865,0.0914692515258556
1065.00782778865,0.0823447621370024
1065.00782778865,0.078368129359637
1065.0156555773,0.067271732364625
1065.0156555773,0.0607004459381204
1065.0156555773,0.0535673809518012
1065.02348336595,0.0447264599012177
1065.02348336595,0.0385473494539225
1065.0313111546,0.0362765679479435
1065.03913894325,0.0363016841203878
1065.03913894325,0.0344739924060087
1065.0469667319,0.0325430529680044
1065.0469667319,0.0315942206877169
1065.0469667319,0.0341536693849779
1065.0469667319,0.0403708909232519
1065.0469667319,0.0475913354336068
1065.05479452055,0.0537678917282468
1065.05479452055,0.0593019162424082
1065.05479452055,0.0641881258028829
1065.05479452055,0.0702962168966946
1065.0626223092,0.0815576300703049
1065.0626223092,0.0995401006021978
1065.0626223092,0.121171961115115
1065.07045009785,0.14348727521525
1065.07045009785,0.16404526744482
1065.07045009785,0.181415936373549
1065.07045009785,0.195994254067939
1065.0782778865,0.210237149330706
1065.0782778865,0.224670846483908
1065.08610567515,0.239104543637183
1065.08610567515,0.253538240790391
1065.08610567515,0.267451790114731
1065.0939334638,0.284410877895313
1065.0939334638,0.300631469186772
1065.0939334638,0.312769467160447
1065.0939334638,0.319542731724117
1065.10176125245,0.325430043560403
1065.10176125245,0.336032714219734
1065.10176125245,0.354111294621199
1065.10176125245,0.374882571766506
1065.1095890411,0.390756600388425
1065.11741682975,0.406528949021938
1065.11741682975,0.426368092090442
1065.1252446184,0.449115748690807
1065.1252446184,0.468889265631449
1065.1252446184,0.48383197037593
1065.13307240705,0.494510192102297
1065.13307240705,0.508744377724565
1065.13307240705,0.525715010842429
1065.14090019569,0.542475093466576
1065.14872798434,0.556111554695073
1065.18003913894,0.570943869810691
1065.19569471624,0.590138296937136
1065.19569471624,0.606126766183435
1065.20352250489,0.623034001220949
1065.20352250489,0.637595169700931
1065.20352250489,0.652908473021737
1065.21917808219,0.660101879837427
1065.21917808219,0.660384585313695
1065.21917808219,0.658027148962012
1065.22700587084,0.659603796430992
1065.22700587084,0.66620076166822
1065.23483365949,0.672897442160848
1065.24266144814,0.681940742847191
1065.24266144814,0.690136149909425
1065.25048923679,0.695010834387578
1065.25048923679,0.697545218225053
1065.25831702544,0.701150401716933
1065.26614481409,0.706628421217556
1065.26614481409,0.713039769838539
1065.27397260274,0.71796276243863
1065.28180039139,0.720810166702523
1065.28180039139,0.723244053442355
1065.30528375734,0.725556677681319
1065.31311154599,0.727152056953763
1065.32093933464,0.728089356049695
1065.32093933464,0.728901989808512
1065.32876712329,0.729910152969651
1065.32876712329,0.730405557317736
1065.35225048924,0.729872268059227
1065.36790606654,0.728454176556145
1065.39921722114,0.726955000326102
1065.39921722114,0.725511630610773
1065.40704500978,0.72406826089546
1065.40704500978,0.722834894789566
1065.42270058708,0.720798945444859
1065.42270058708,0.717423250851019
1065.43052837573,0.712995431692327
1065.45401174168,0.708627891347416
1065.45401174168,0.704530876485542
1065.46183953033,0.699515825011518
1065.47749510763,0.693122543830719
1065.48532289628,0.68571304003308
1065.48532289628,0.678337534215686
1065.48532289628,0.671599260126112
1065.49315068493,0.665733013466705
1065.50097847358,0.660514824820724
1065.50097847358,0.655396594490068
1065.50880626223,0.648264401592948
1065.51663405088,0.638331218713604
1065.52446183953,0.629621912483046
1065.52446183953,0.62504408495911
1065.53228962818,0.62275022898252
1065.53228962818,0.620220544299886
1065.54011741683,0.617290601001662
1065.54794520548,0.607520936557802
1065.55577299413,0.593230239547493
1065.56360078278,0.579297934113772
1065.56360078278,0.570592344671609
1065.56360078278,0.562791545086164
1065.57925636008,0.55579800763933
1065.57925636008,0.548581159062748
1065.61056751468,0.54136431048609
1065.62622309198,0.534147461909508
1065.64187866928,0.527018722486112
1065.64187866928,0.519655632970099
1065.64970645793,0.51132091217079
1065.64970645793,0.501864943319136
1065.64970645793,0.492316814318668
1065.65753424658,0.483877645350703
1065.65753424658,0.476440827715639
1065.65753424658,0.469675665143076
1065.66536203523,0.462410204619866
1065.66536203523,0.447556014128115
1065.66536203523,0.433248302936554
1065.66536203523,0.421847181053755
1065.67318982387,0.412726567117394
1065.67318982387,0.401637574442009
1065.68101761252,0.395579715693073
1065.68101761252,0.393422965660929
1065.68101761252,0.388117376785947
1065.68884540117,0.378006496986622
1065.68884540117,0.363023181011804
1065.69667318982,0.350222845265281
1065.69667318982,0.3425860097248
1065.69667318982,0.339026805032424
1065.69667318982,0.33641553329936
1065.70450097847,0.329830234929336
1065.70450097847,0.321283748337562
1065.70450097847,0.313811281941589
1065.71232876712,0.310448044159126
1065.71232876712,0.307260720858462
1065.72015655577,0.302809486945513
1065.72798434442,0.297839320502199
1065.72798434442,0.286028035320051
1065.72798434442,0.270720335876449
1065.72798434442,0.255005308830016
1065.73581213307,0.242356615350113
1065.73581213307,0.235841264169904
1065.73581213307,0.239652440785497
1065.74363992172,0.241960292951842
1065.74363992172,0.232169036701734
1065.74363992172,0.218298022830722
1065.75146771037,0.209517084871229
1065.75929549902,0.202806205639154
1065.75929549902,0.195541960414532
1065.75929549902,0.189168664145138
1065.76712328767,0.183948888859234
1065.76712328767,0.179305367690774
1065.77495107632,0.173761985376852
1065.77495107632,0.166618864919424
1065.77495107632,0.156569155152949
1065.77495107632,0.147181513092929
1065.78277886497,0.140466252033814
1065.78277886497,0.136219525879709
1065.79060665362,0.131378140585069
1065.79060665362,0.126248729506622
1065.79060665362,0.120033682002609
1065.79060665362,0.113376053107009
1065.79843444227,0.10824521405265
1065.79843444227,0.105212962861708
1065.80626223092,0.102892098897807
1065.80626223092,0.100411204405567
1065.81409001957,0.0981403074462914
1065.81409001957,0.0960779901714896
1065.81409001957,0.0940784977612384
1065.82191780822,0.0920652420935753
1065.82974559687,0.0900270484973147
1065.82974559687,0.0879269313830203
1065.82974559687,0.085769144296066
1065.82974559687,0.0835991799164593
1065.83757338552,0.0814341253434847
1065.83757338552,0.0792690707704873
1065.84540117417,0.0771040161975127
1065.85322896282,0.0750165381893417
1065.85322896282,0.0726442751938701
1065.85322896282,0.069730326576426
1065.85322896282,0.0663614511584821
1065.87671232877,0.0629680672174056
1065.88454011742,0.0596002045483292
1065.88454011742,0.0560744687953919
1065.90802348337,0.053155468007776
1065.92367906067,0.0512301108416051
1065.93150684932,0.0500765377738415
1065.93150684932,0.0488641211020928
1065.93933463796,0.0476269470603957
1065.94716242661,0.0463897730186855
1065.94716242661,0.0452932958396583
1065.95499021526,0.0436347256663186
1065.95499021526,0.041176095445678
1065.96281800391,0.0381406757975587
1065.97064579256,0.035149171834781
1065.97064579256,0.0327524880877383
1065.97847358121,0.0311569359728283
1065.97847358121,0.0300883981243054
1065.97847358121,0.0288855900282084
1065.98630136986,0.0276801053814664
1065.98630136986,0.0264732752254975
1065.99412915851,0.0253298190368421
1066.00195694716,0.024265362084084
1066.00978473581,0.0232464354277564
1066.00978473581,0.0222154570596711
1066.00978473581,0.0211844786915775
1066.00978473581,0.0201307264945547
1066.00978473581,0.0191179385432691
1066.01761252446,0.0184347265690811
1066.01761252446,0.0181266859737121
1066.01761252446,0.0179963958292561
1066.02544031311,0.0178159746148416
1066.02544031311,0.0176355534004252
1066.03326810176,0.0174551321860107
1066.04109589041,0.0172889907309163
1066.04109589041,0.0170823798302567
1066.04109589041,0.0167282519265518
1066.04892367906,0.0162226572991457
1066.04892367906,0.0156647440641762
1066.05675146771,0.0151234804209326
1066.05675146771,0.0145822167776832
1066.06457925636,0.0140409531344396
1066.06457925636,0.013509138438316
1066.07240704501,0.0129455436820905
1066.07240704501,0.0123043419785628
1066.08023483366,0.0115912553589641
1066.08023483366,0.010863554772903
1066.08806262231,0.0101418699152448
1066.08806262231,0.00942018505757896
1066.08806262231,0.00869850019992077
1066.09589041096,0.00793918969556468
1066.09589041096,0.00731852046299855
1066.09589041096,0.00695850848825246
1066.10371819961,0.00681621321848061
1066.10371819961,0.00668373756192473
1066.11154598826,0.00653940059039308
1066.11154598826,0.00639506361885991
1066.11937377691,0.00625072664732827
1066.11937377691,0.00610638967579509
1066.12720156556,0.00596205270426345
1066.12720156556,0.00581771573273028
1066.12720156556,0.00567337876119864
1066.13502935421,0.00552904178966548
1066.13502935421,0.00538470481813386
1066.13502935421,0.00524036784660071
1066.14285714286,0.00509603087506909
1066.14285714286,0.00495169390353594
1066.14285714286,0.00480735693200432
1066.15068493151,0.00466301996047117
1066.15851272016,0.00451868298893955
1066.15851272016,0.0043743460174064
1066.16634050881,0.00423000904587477
1066.16634050881,0.00408567207434196
1066.16634050881,0.00394133510280855
1066.17416829746,0.00379699813127514
1066.18199608611,0.00365266115974232
1066.18982387476,0.00350832418821068
1066.18982387476,0.00336398721667751
1066.18982387476,0.00321965024514586
1066.2133072407,0.00307135139996249
1066.2133072407,0.00293049018261441
1066.22113502935,0.00284571904968445
1066.228962818,0.00282445132303495
1066.23679060665,0.00283286118980164
1066.2759295499,0.00283286118980164
1066.2759295499,0.00283286118980164
1066.29941291585,0.00283286118980164
1066.29941291585,0.00283286118980164
1066.33072407045,0.00283286118980164
1066.3385518591,0.00285167401314677
1066.34637964775,0.00281353794101797
1066.34637964775,0.00259558627830603
1066.3542074364,0.00219866973408153
1066.36203522505,0.00174735642157651
1066.36203522505,0.0013143455069816
1066.3698630137,8.81334592382106E-4
1066.37769080235,4.48323677787197E-4
1066.385518591,1.53127631877034E-5
1066.39334637965,-4.17698151407206E-4
1066.4011741683,-8.507090660067E-4
1066.40900195695,-0.00128371998060161
1066.4168297456,-0.0017167308952011
1066.42465753425,-0.00214974180979601
1066.4324853229,-0.0025827527243955
1066.44031311155,-0.00301576363899041
1066.44031311155,-0.00344877455358991
1066.47162426614,-0.00388178546818482
1066.47162426614,-0.00431479638278431
1066.47945205479,-0.00474780729737922
1066.48727984344,-0.00526793082033652
1066.48727984344,-0.00545146522483813
1066.50293542074,-0.0050939162553935
1066.50293542074,-0.00432070273430655
1066.51076320939,-0.00358715656166342
1066.51859099804,-0.00286547170400522
1066.51859099804,-0.00214378684633939
1066.52641878669,-0.00142210198868119
1066.53424657534,-7.00417131015351E-4
1066.54990215264,2.95317575696459E-5
1066.54990215264,8.4187789569715E-4
1066.55772994129,0.00114558103226707
1066.56555772994,7.619922634165E-4
1066.57338551859,-7.51459674961085E-5
1066.58121330724,-7.96830825163122E-4
1066.58904109589,-0.0015185156828272
1066.59686888454,-0.00224020054048539
1066.59686888454,-0.00296188539815123
1066.60469667319,-0.00368357025580943
1066.61252446184,-0.00442093246626287
1066.63600782779,-0.00514176661485684
1066.64383561644,-0.00558903703379921
1066.67514677104,-0.00571190372890033
1066.68297455969,-0.0056657223796035
1066.71428571429,-0.0056657223796035
1066.72994129159,-0.0056657223796035
1066.76125244618,-0.0056657223796035
1066.80039138943,-0.0056657223796035
1066.85518590998,-0.0056657223796035
1066.85518590998,-0.0056657223796035
1066.89432485323,-0.0056657223796035
1066.90998043053,-0.0056657223796035
1066.92563600783,-0.0056657223796035
1066.95694716243,-0.0056657223796035
1066.95694716243,-0.0056657223796035
1066.97260273973,-0.0056657223796035
1067.01174168297,-0.0056657223796035
1067.01956947162,-0.0056657223796035
1067.01956947162,-0.0056657223796035
1067.03522504892,-0.0056657223796035
1067.05088062622,-0.0056657223796035
1067.08219178082,-0.0056657223796035
1067.08219178082,-0.0056657223796035
1067.09784735812,-0.0056657223796035
1067.09784735812,-0.0056657223796035
1067.12133072407,-0.0056657223796035
1067.13698630137,-0.0056657223796035
1067.15264187867,-0.0056657223796035
1067.16046966732,-0.0056657223796035
1067.16829745597,-0.00567578505255554
1067.17612524462,-0.0056479061011646
1067.18395303327,-0.0055537690665176
1067.21526418787,-0.00540629662442808
1067.22309197652,-0.00525965058543007
1067.23091976517,-0.00511531361389843
1067.23874755382,-0.00497097664236525
1067.27005870842,-0.00482663967083361
1067.27788649706,-0.00468230269930044
1067.30919765166,-0.00453796572776879
1067.32485322896,-0.00439362875623607
1067.33268101761,-0.00424929178470276
1067.33268101761,
1067.35616438356,
1067.37181996086,
1067.38747553816,
1067.40313111546,
1067.41878669276,
1067.44227005871,
1067.45792563601,
1067.46575342466,
1067.48923679061,
1067.50489236791,
1067.52054794521,
1067.5518590998,
1067.59099804305,
1067.62230919765,
1067.65362035225,
1067.6771037182,
1067.70058708415,
1067.7553816047,
1067.7866927593,
1067.83365949119,
1067.88845401174,
1067.95107632094,
1068.01369863014,
1068.07632093933,
1068.15459882583,
1068.23287671233,
1068.31115459883,
1068.38943248532,
1068.46771037182,
1068.46771037182,
1068.54598825832,
1068.62426614481,
1068.70254403131,
1068.78082191781,
1068.85909980431,
1068.9373776908,
1069.0156555773,
